pull_timestamp=2026-07-15 21:47:04.737160
spot=754.8099975585938
risk_free_rate=0.03688000202178955
